53615
53616
53616
38721
38702
38704
38612
10702
76771
76771
76771
76771
53578
53593
39077
53346
53578
38859
08389
04183
10703
38746
38750
37635
10700
10701
10701
10690
10692
10703
10686
10700
10699
10690
10700
10699
10690
10689
65821
65821
10701
10691
10700
10690
65723
10690
10693
10690
10692
10700
10698
10700
10703
10689
10692
10699
10689
10701
10699
10691
10691
10698
10689
10689
10709
37701
76780
76780
76780
76780
38674
52257
52256
67174
52258
52257
52258
67175
52222
53557
84696
52211
84980
67175
53642
53668
67078
67104
53622
07919
58670
38767
38399
53668
53641
53642
53642
52225
52219
53672
53641
53642
53668
84996
52232
53560
07908
53641
84991
38625
84992
67175
38625
52020
58668
58666
58666
52240
38606
52216
52031
38757
52258
84983
59911
52211
52232
53559
53559
53558
52223
53545
52226
67175
52221
53545
52225
67175
52217
53297
52225
52217
52222
67000
84996
52225
58677
53297
53545
58678
58683
53613
52212
53613
84983
53613
59924
38634
52226
59759
38606
52256
58686
52238
37680
58671
58684
58669
37694
76816
76816
76816
76816
38441
38751
53707
53707
53704
53704
53573
53572
53573
53508
53508
53573
53573
53573
53739
53508
07908
07919
52223
52223
76611
76610
76611
76611
37658
37759
37759
38308
76610
76610
76610
76562
76563
76563
37650
07926
07925
53597
53596
53596
53596
53596
53596
53596
84722
37614
84720
84719
67408
02427
02427
53687
53733
53687
53687
53687
37749
37750
53408
37709
37617
37604
52241
52241
52220
52238
07921
07921
53178
53187
53187
53178
52240
52240
52240
38596
37704
19533
30692
30689
38612
53188
76714
38750
53558
53559
53558
76713
76714
53559
53559
76714
30690
37709
30692
53559
53559
30692
52018
30685
37690
37739
76586
76601
76607
76593
76601
76577
76603
76565
76601
76601
76576
76586
76601
76773
76565
76713
76601
76565
76713
02395
76576
76578
76576
76565
76593
76594
76616
76586
76606
76783
76617
76581
76577
76765
76602
76713
76586
76713
76569
76576
76773
76565
76783
76594
76603
76567
76713
76581
76577
76615
76614
76614
76615
53469
53468
53469
53507
53508
02429
02428
07891
07891
02384
53468
53469
53469
38718
76585
76585
76584
76584
76654
76584
37739
76614
76614
76615
38596
76770
76891
76770
76770
76770
53241
53452
53544
59911
53288
59924
76598
76598
02408
02408
02408
52178
52178
52186
52179
52179
38408
38484
38313
38408
53564
53616
53610
53616
53558
53674
02410
38671
53564
53616
53564
53564
38702
38755
76726
76726
76726
36977
38464
38764
02381
02381
53385
53385
53706
53706
76778
76573
76575
76575
76778
76778
76573
76573
76778
76778
76777
76573
76778
76573
76778
76574
76779
76575
38436
38741
10687
10687
10703
76731
76731
76731
37302
38675
38675
38858
53479
53479
67426
67425
38754
38596
37644
84798
84798
84798
53479
53479
38782
76599
38074
37704
53569
38782
37641
37650
38105
38648
38839
38788
38074
38081
37664
38639
76589
76588
76765
76765
76765
76765
10709
04181
10689
10690
10709
10692
76609
76609
76609
76609
76584
76760
76583
10699
10709
10702
37708
65803
04180
65803
65804
60581
65804
60577
65805
65804
65804
65805
65805
65804
65803
65804
60577
60581
60579
65805
60577
65804
10709
08377
60577
76572
76572
76572
76572
76572
76572
76572
76575
76908
76908
76908
02397
76779
76779
76779
76779
76779
76779
76778
76777
76780
38634
52224
76604
76579
76606
02398
76729
07922
76729
07922
76604
76579
76605
76727
76727
76728
52225
76579
52223
52224
52224
38729
38728
38873
53663
53663
53663
53662
53662
53663
67125
67125
53663
53663
67125
67126
53663
53663
38729
07932
38861
76619
02414
53551
53545
53706
53726
76589
76588
76618
76618
02378
02415
02398
08375
59996
53302
53302
53302
76883
76883
76884
76883
76883
76884
76883
76884
02410
76768
76768
76768
76769
76758
76755
76755
76755
76758
08373
07928
08373
02396
02396
76755
76758
76758
76582
76583
76755
76754
76585
76760
76755
76760
76755
76582
76757
76760
76585
76583
76582
76756
76756
76586
76582
38311
52160
76613
38068
36521
37236
30692
19445
19491
19314
52021
58696
84759
52102
58703
58670
58696
53289
65724
84762
58697
58673
52105
70493
52031
52111
58673
58937
52030
90785
90783
93545
93577
93575
93547
93575
93576
36517
36517
36517
38469
38749
37361
38199
37708
38199
37361
37028
30719
30724
38309
38309
37684
37685
37616
38467
38864
38467
38660
38463
38764
38199
38340
37685
53582
53488
53488
52240
52217
52211
52213
53587
53587
84707
84707
52025
52218
70493
76775
76608
76599
53588
52211
52212
52230
53587
65724
76726
76775
52239
52240
52257
52222
52241
52240
52211
52231
53588
76774
76777
52241
53588
58698
52257
84708
52026
52217
52230
52242
67017
65725
52215
52211
52052
52031
53587
76604
52220
67017
52222
52030
52159
67171
76776
53577
53652
67016
84935
53559
53579
53619
84940
53569
84984
67020
84894
70425
84980
84893
67008
67009
84934
70437
67006
53715
53479
52237
53620
84939
84839
67001
70491
67168
67055
76774
84980
53571
53730
52217
53610
84984
67016
67011
53488
53557
84987
53557
53573
84995
84991
84997
67009
52212
67020
67016
67006
67011
52218
52219
53696
53566
76774
53420
84894
84980
84991
67004
53571
84991
84893
84933
67006
52025
84721
76773
84762
76773
53479
52211
67164
52140
53730
84940
84987
67020
52219
52220
52220
67016
52230
67020
70437
58696
58698
84983
52219
84939
67171
67032
76773
53420
53579
52218
52237
67022
53564
84759
67012
53577
53577
53646
53588
52211
84980
65737
52218
65737
67017
84991
52243
53479
67174
53619
76776
84983
07911
07912
07909
07884
07662
07494
07548
02343
05395
05063
05345
05381
05411
02411
02255
07885
08389
07918
07848
02400
02328
02405
07914
02403
08376
07914
08376
07919
38321
84723
58681
84614
93547
90785
38056
37067
38398
37737
30735
38702
53583
53582
53582
53624
53585
53586
53586
53586
53490
53490
53491
53499
53500
53483
53483
53483
52215
52215
52241
76776
52220
52243
52240
52220
52222
53573
53619
67013
53557
53715
67002
67032
53619
76328
53574
53582
53619
67073
84749
07909
07921
07911
07911
07928
02357
02384
02315
02401
05420
02406
02401
02401
02402
02426
02168
07886
07928
07916
07919
08381
07918
38359
02284
53560
84998
38311
38745
84746
76774
53490
67032
53490
53569
53482
53557
53521
53490
52135
53489
67140
38114
84933
53578
53586
02345
37667
53697
70492
38663
07685
38185
52103
07913
84719
52257
53483
53704
07908
53500
53578
53564
05351
53561
52258
07914
84722
02405
53500
04177
76609
53619
90651
02406
02403
90794
02425
67174
02402
84721
93546
84931
05291
02402
52107
84904
02428
07915
07921
02410
02402
67174
37615
67032
38627
07913
53562
05419
84720
07886
53558
07918
38320
02403
07911
05408
84981
52232
02406
52220
38862
30679
07853
67176
02241
53619
05419
84995
90794
02405
76774
05415
04183
07915
67016
90794
37311
84983
07916
52226
76775
84759
93501
07882
37700
07916
84722
52210
67027
52260
76328
37760
67016
53569
52031
53584
10671
38633
10666
52242
07912
93552
38198
19516
30737
30737
07913
38205
30719
38600
38568
36738
84758
52021
76599
52212
84908
58671
84695
38635
93552
84759
38380
76773
76608
76603
76774
76608
76773
76773
52257
52257
76776
76774
65737
53123
53123
84720
38185
38056
38205
38055
10669
38600
38472
38607
38752
37688
53300
53551
70501
84935
53571
76775
84724
53592
05415
76773
38452
07886
38495
30730
76777
65754
53590
76604
76609
76604
52217
53577
53590
19468
37760
53582
53578
53578
53499
53578
52155
52155
53590
53573
38640
76326
53568
53490
53573
53565
53574
53624
53667
53568
84584
38643
53667
52155
58678
36737
52216
37738
90785
67031
84931
67020
90737
67168
84758
07685
84720
53573
10669
52256
76754
53667
37154
30730
53289
53510
30717
02404
38607
58584
52219
53644
53566
52168
07849
02338
37738
53624
52231
53560
53675
84722
53624
84724
53624
88035
53674
52213
53674
37708
58686
67009
30730
38799
53674
37201
84983
38662
67021
52242
10688
90795
52026
52237
76612
52221
53667
52221
52224
52223
53568
67165
52221
65754
53109
59927
59927
52223
52243
52160
53706
52161
53300
53562
53561
53571
53562
53300
52224
53563
84720
53563
67016
67021
52018
53568
53667
53110
07916
84759
76777
53563
67022
84723
67104
65724
52240
03082
04146
67001
04146
53602
76332
37616
53049
53023
53620
53646
53325
53612
53611
53650
53649
53611
53649
53612
53650
52220
53649
53649
58686
53210
53325
53643
10687
53648
36737
38452
38056
53566
38494
53646
84983
53612
53646
53590
53652
53652
53494
53618
53583
53591
53644
53583
53591
53583
10687
10693
10689
53591
53494
52239
67020
67020
07882
58687
53624
10704
76328
52241
53623
76754
52243
52239
76776
52018
52018
52160
52223
52219
52220
52216
53201
38185
53494
52258
58687
30737
37154
84719
52240
38463
38205
52235
84738
38600
38607
10671
10671
52231
53650
53650
67030
90611
53648
67021
37200
76897
36498
38254
52239
53551
53723
07881
53301
38254
76600
38111
58702
76328
08400
84908
30737
84758
36516
65766
37645
90682
38715
52213
30721
84904
07882
04177
65723
70493
76606
57787
52020
53624
04183
10702
10702
76833
76768
76833
76767
76833
76767
76767
37704
38705
02383
38705
38413
53404
53424
53405
53426
38411
38413
76729
76730
76730
76730
76729
76730
08389
08388
08388
52212
76753
76605
76605
37663
37654
37666
02390
07884
53123
53551
53301
53301
53724
53299
52171
53552
53288
37661
52172
53549
53114
59991
53544
53550
53549
59927
37662
53236
59912
53726
59867
53067
59558
53110
52172
37641
76788
76789
76803
76792
38854
38627
67010
84985
84980
67009
84983
84991
65818
65818
65817
65818
65784
65818
65784
65784
65766
65784
65766
10672
53708
53709
53708
53708
10672
53543
53543
53543
53630
19055
38567
38567
36517
36517
38618
38584
38618
38618
38198
38637
38198
38489
38583
38198
37626
37690
37617
19438
38721
38735
38735
38489
38762
38737
38788
38735
38585
38737
38490
52215
52168
08399
37689
10658
08377
08400
08378
02390
02390
02390
37696
38495
19520
08378
38662
19468
37421
10688
38735
36517
53299
53550
53551
19551
53550
53550
53299
53544
37760
37421
53449
59759
10688
10688
38735
52226
37760
57813
53067
53434
57931
37421
76616
76594
76566
76592
76607
76709
76593
76592
76607
76566
05420
02395
76566
76706
77028
02395
76564
08372
07706
76708
02263
76710
02263
76710
08372
76705
76592
76606
76564
76741
76887
76705
76613
76741
76762
76745
76705
76877
76887
76593
76606
76705
76705
76709
76705
76762
76705
76564
76710
76569
76615
76706
76708
76711
76607
76592
76566
76708
76707
76564
76876
76564
76763
76593
76808
76567
76710
76710
76763
76578
76712
76808
76580
10678
77377
77377
67167
67156
38308
38308
38308
76571
76779
76780
76571
76571
76779
76778
76780
76571
76571
76571
76571
76575
76570
76574
76574
76574
02397
08374
08374
02338
07927
02376
02369
02369
53385
53385
93357
08386
08386
37688
53385
76598
76753
76754
76597
76600
76590
76590
76589
76589
76588
76590
76590
76590
10647
10654
38338
38310
93308
93308
38401
38443
02415
02340
52147
52147
52147
02425
02323
02421
02414
05421
02323
05404
05387
02414
76338
04135
04135
07812
19298
37607
37604
37608
19540
37615
37678
37658
76338
70491
07890
02384
02395
53405
53405
53426
38415
38436
07901
07861
76504
02409
65802
76503
76504
76503
38352
53297
10669
76508
76508
76508
76508
76508
38404
10677
37626
76520
02361
60567
76520
60567
60567
60567
60567
60567
60568
04178
60568
08363
76520
76520
60567
38496
76520
76520
76520
76520
53448
53448
19569
19518
38485
38559
37622
38489
38559
38404
38370
53419
52138
52093
52106
52243
53684
52150
52157
52162
52171
52243
52160
52137
52166
02378
53481
07888
52166
37622
38421
53341
84709
84840
37661
53344
53460
53350
53435
38399
37626
53023
53460
84833
76515
84867
53481
52152
84839
53460
58682
52167
53684
53297
53385
52162
53351
52162
84840
52159
52156
84843
52137
53341
52137
52167
53419
53419
52152
84881
53345
38420
38439
37644
84867
38495
38352
38424
52156
37624
84834
52148
38204
53447
53419
53325
84760
38569
52094
84695
53213
38425
52147
52158
76515
84834
37491
53413
84867
53210
58671
52138
38368
38421
53351
37626
52140
76515
76515
76515
52152
19520
38334
38353
93179
02390
02390
53408
53408
53408
53409
38414
53407
53407
53411
02384
02384
53407
53406
53406
53406
53407
53411
53407
53406
53511
53510
53510
38435
10675
10675
10677
10673
10669
10673
10674
07895
08370
10673
10673
76333
76327
76326
76326
76326
76326
04180
10669
38446
76326
76327
76326
10672
10677
10676
76326
10674
76327
53420
53420
53424
53434
53434
38314
60566
53379
53404
53428
53404
53404
53405
02383
53412
53405
07889
07890
38499
38499
38497
38489
38315
38425
38483
38390
38390
52141
38485
38337
02383
07875
02370
07884
53394
38482
05416
52141
52142
37623
37617
52140
30696
38314
30715
52141
76327
30715
52141
37687
30714
52141
52141
52141
38338
53474
38015
59959
53046
53046
53046
59961
53101
53101
53323
53323
67002
53472
02365
53323
53472
02389
53472
53472
53472
53544
53544
02377
76517
76518
76517
76813
76329
76329
76328
76329
76328
76329
53249
53249
07870
53249
53249
53249
53250
53249
02376
02253
53298
53298
53006
38311
38485
76521
76521
53341
07890
02384
52182
07890
53342
53342
53411
53342
53342
53457
53342
52182
53342
53457
53342
52182
53474
52182
53474
52182
52182
19444
38340
38391
38340
53397
52139
53397
52148
53393
52137
52138
52146
52146
52146
38358
38420
52137
52106
52139
52147
07860
52104
07890
52151
38389
53421
76512
76512
76813
38472
52139
52149
52149
52154
52183
37649
53398
52139
53302
59730
59815
37688
52140
52154
19569
52167
52140
57234
57814
53434
53509
53434
19385
52138
52149
52140
53434
19517
38382
37615
52140
38341
19384
38280
52150
38472
38472
38421
52139
38495
38461
53284
76505
76505
76813
38335
76449
76449
38571
76449
76501
76502
76813
76501
53301
53301
53511
53511
53511
53511
37710
07887
07886
38340
53355
53357
37227
19550
19523
58666
58667
58667
58671
93548
38404
30699
37029
10573
10654
37121
84730
84734
84730
84698
65724
65725
84748
65725
84699
84692
59990
65733
58679
84881
84747
84818
58678
84903
52153
58669
58674
53339
53339
58677
84730
65752
84749
53339
58680
59981
93550
93549
90766
93550
93549
93550
90766
90769
93549
90769
93505
90786
90785
93552
93545
93553
93502
93554
93553
38204
30711
38319
36280
53548
53355
53357
53361
53362
53352
84732
53427
53460
07874
05309
02392
08371
08371
08371
38408
84730
84707
07850
52166
07685
07690
05415
58673
90768
90759
07886
02239
93547
58677
53362
90759
90767
90785
65733
07880
38413
84729
65592
05351
93547
07879
07879
52159
30712
84693
84734
93546
84747
84740
53360
84729
07729
93546
07877
07888
90795
84729
53339
84580
30710
30712
53299
53300
53300
52153
52152
52151
53301
53299
84748
07884
19532
02374
53344
07882
52152
53345
53345
53547
84707
65796
53360
90766
84734
93529
52149
93549
52153
53018
53413
65725
84732
70343
70492
90795
53357
53300
90768
65726
90712
53460
65739
58669
38570
53356
37569
53213
88910
52153
84729
53015
52151
53299
52160
53351
52160
53351
52159
53007
37608
37615
53351
53386
53351
53339
65726
90765
93549
52153
52209
53359
53356
52209
53358
53339
52208
38421
53343
84903
93528
53357
52209
38082
30688
19555
30689
53422
53356
53324
53418
53418
53422
58682
58668
53418
53007
19299
53709
53417
53338
53418
53416
53376
53426
53417
58668
53008
38370
53350
53298
53358
52167
52161
53418
84738
52157
38319
53354
52156
53355
19523
65732
65592
90765
30705
19510
53709
52149
52161
84740
84612
05403
84737
53251
53210
37028
37568
52157
52156
53358
52156
65739
65727
38380
53369
65739
53428
37386
90766
93284
58673
38382
90680
93553
84692
84741
58700
53009
58678
19554
53376
37617
53712
53417
53339
76438
52157
30689
30688
53151
37629
76437
65726
53404
38425
30704
84907
38313
53358
53376
37616
37231
84748
36024
53339
19556
53225
53011
53008
53370
65740
38055
84904
65593
84830
38529
70492
37664
36532
65759
65733
38315
37606
30710
02373
02373
38368
38264
53544
38420
38019
37412
19517
52021
52021
52021
52021
52019
52107
52018
37492
38434
37361
37200
37201
37301
38453
38395
37628
38495
37569
84698
84699
84691
38073
38376
52155
52156
52160
52165
02288
52180
02254
52021
37360
84692
38375
38451
84691
10645
10647
52021
10647
52018
52018
52018
19555
52180
37568
38413
38287
38552
75903
53510
52020
19517
19517
84707
84883
38369
37419
37426
10647
38074
75883
38565
38565
38565
76519
76518
76518
38452
37638
05419
05419
05419
37638
38472
76415
76415
76415
75953
93284
93284
93284
53211
93284
53209
84722
76429
76429
76429
76416
76429
76449
19516
19557
19526
19530
65762
19516
19530
19557
10655
10655
10655
75922
75921
75928
76444
76444
75931
75931
75953
75953
76445
75899
75900
76441
76441
76441
90784
75907
38258
53168
76450
76422
19550
76486
75923
75928
75931
75931
76452
76451
76452
76452
76451
76452
76433
76433
76700
76433
76700
76700
75961
75936
75993
75881
76486
75905
90794
05291
38494
10573
19550
58666
58667
58677
58696
65592
58703
58683
58670
58703
38323
58668
38056
38057
37569
07821
07807
02324
38078
08323
38017
38022
58697
53150
76416
37067
53197
53210
38535
02235
37444
53422
53188
53210
37203
53172
02314
38280
30694
30690
75668
75976
19556
10646
53011
38227
38227
59987
53009
53008
53021
53009
38055
65723
58770
38075
58933
53008
53007
53008
38056
53007
04146
58772
84593
52019
53011
84593
38057
75982
08364
75907
75903
75905
75931
75928
75931
37112
70492
65723
76476
76484
76476
76476
76483
75644
75983
93506
93507
04146
37485
33997
30662
30662
59924
90796
52021
90796
90693
05309
10560
19445
58673
58703
58683
58683
58698
58682
90795
93502
93502
93505
90759
05386
90665
58672
90798
37114
38017
37476
90737
59986
53008
58584
93503
36028
30665
52013
65592
30653